16 39 3 36 17 12 37 23 47 25 15 21 26 0
37 12 47 24
6 49 3 4 44 16 18 26 31 2 41 36 8 38 43 23 40 30 12 46 29 13 48 37 33 35 47 0 15 39 10 17 19 11 14 25
28 45 3 27 24 42 46 38 1 23 49 0 8 6 9 25 12 19 31 2
5 4 28 40 45 41 44 11 32 10 25 6 38 20 30 23 22 17
46 34 12 29 6 21 3 39 14 33 38 42 43 1 45 37 19 11 48 22 13 44 47 30 49 27 18 32 23 25 10 15 35 31 5 4 26
21 45 1 44 11 38 23 42 47 3 33 19 31 4 0 41 7 29 15 36 48 43 32 25 49 13 40 37
19 4 45 20 47 14 1 16
42 15 21 26 4 40 28 0 29 33 48 46 13 36 37 22 14 7 34 11 43 27 12 10 3 38 25 45 31 41 30 16 6 20 44
32 27 39 11 19 22 15 45 3 7 38 29 5 2 0 41 35 13 31 21 46 47
24 38 23 34 39 41 8 29 2 46 17 22 6 5 9 45 26 42 35 40 36 27 47 19 25 3 16 28 32 18
9 32 34 31 19 39 23 21 6 28 47 44 25 29 7 17 15 16 8 37 4 36 45 2 26
6 24 0 36 40 31 37 46 30 10 26 38 21 47 34 13 39 42 33 44 22 8 48 32 29 16 49 4 25 5 12 35 43 1 9
8 20 3 37 47 26 36 33 46 35 30 9 28 6 15
5
0 12 18
28 37 26 2 36 34 46 32 15 29 12 17
24 20 14 1 31 2 3 42 0 8
42 40 3 44 48 32 19 14 39 15 35 11 12 10 23 38 24 45 27 20 30 4 34 18 1 13 7
44 37 1 10 4 5
7 3 14 29 47 24 42 36 28 10 0 38 4 46 27 1 40 26 48 34 6 44 32 18 5 11 37 30 8 2 17 49 33 13
29 33 39 36 32 12 11 7
38 30 19 3 43 6
35 23 27 8 36 44 19 29 30 4 34
13 46 45 27 5 26 38 16 14 30 43 49 8 25 40 15 42 47 33 22
8 44 49 15 17 46 11 7 4 6 40 27 9 30 1 2 31
19 6 11 15 34 31 2 26 22 44 8 4 9 42 0 33 5 17 49 23 7 46 36 12 18 10 40 32 1
47
35 0 3 44 27
15 14 35 25 48 44 32 34 8 23 5 19
40 25 9 41 10 15 38 27 34 43 16 42 17 18 2 26
22 45 11 37 30 21 35 27 23 25 46 39 12 17
39 35 11 15 34 30 41 44 20 13 37 29 28 27 47 22 10 9 19
8 27 37 40 21 7 39 32 23 45 25 9 4 41 35 17 24 47 26 33 34 46 2 43 1 18 16
13 0 6 14 34 12 23 42 44 15 47 36 8 26 3 21 11 39
46 1 45 0 3 28 42
35 42 5 37 43 0 39 33 36 12 10 13 3 15 41 30 28 16 8 1 46 14
7 19 41 22 46 30 28 27 6 47 36 3 5 37 31 33 2
44 39 47 18 1 38 43 17 20 42 49 21 14 26 33 0 48 34
7 21 1 24 14 17 40 36
18 15 16 28 45 47 22 21 39 9 34 43 0 2 1 25 31 27 46 36 38 37 8
40 26 18 36
40 39 24 27 6 1 47 26 14 21 3 38 16 49 25 17 22 23 42 19 2
13 9
31 48 11 40 47 15 46 3 32 25 6 24 23 34 38 21 17 14 42 22 1 13 30 49 33
33 6 39
25 22 34 40 35 19 38 21 28 47 39 33 15 32 4 16 37 46 20 6 49 41 0 36 17 43 11 18 30 10 29 12 24 45 13
44 13 11 22 26 37 40 17 15 27 42 34 16 2 31 43 48 45 25 14 4 20 41 18 3
44 33 31 24 34 16 11 28 48 46 17 45 43 1 13 35 5 0 39 20 41 19 22 23 27 2 8 21
36 21 23 47 4 32 7 27 48 14 19 0 30 1 11 41 38 31 43
10 49 3 42
38 47 35 43 0 12 1 10 16 5 8 49 15 4 19 46 36 37 33 23 45
14 28 17 40 22 31 29 11 23 41 2 49
26 25 4 38 47 44 20 12 8 42 3 23 33 15 27 24 11 6 0 31 7 48 28
44 10 40 45 0 18 21 31 42 26 48 9 27 49 39 13 22 15 35 43 3 46 36 38
47 27 40 28 21 15 22 18 29 32 0 5 33 30 10 16 26 39 37 19 8 48
36 10 7 24 5
27
44 17 40 6 30 34 19 39 25 11 37 36 10 3 15 22 38 43 27 29 46 13 12 33 24 49 32 5 45 9 14 8 23
5 14 22 33 16 20 39 0 17 25 13 9 42 3 38 48 36 40
39 47 49 0 38 26 18 16 34 4 11 32
43 41
11 48 22 43 38 37 9 31 35 49 12 18 24 15 27 16 44 3 32 13 23 20 17 47 14 36 33 41 10 34 40 8 25 42
18 49 12 30 29 11 13 39 36 17
33 18 14 40 4 47 2 10 30
19 7 46 5 6 21 34 25 24 32 0
36 24 15 0 29 38 44 11 39 16 20 34 13 30 4 5 35 18 40
33 37 11 18
14 42 23 41 12 15 6 49 36 26 40 43 4 33 5
26 13 1 42 7 40 28 24 34 31 29 20 18 37 14 25 39 9 5 41
23 32 40 28 24 14 38 41 15 27 3 30
29 6 37 5 14 3 49 22 4 12 20 28 27 46 31 43 38 2 17 9 13 26 23 7 40 19 8 18 21 36 25 33 42 35 10 48
47 4 14 21 13 15 46 26 9 7
47 32 15 11 8 44 46 3 43 23 42 24
13 20 29 6 25 1 21 22 44 36 34 16 31 46 37 33 3 48 41 47 17 24 4 0 39 10 2 5 43 45 19
20 48 24 37 29 28
4 21 16 17 10 39 47 49 8 5 1 35 24 42 18
5 21 37 20 25 22 9 48 44 19 8 27 34 42 38 43 49 45
24 20 21 47 3 29 48 45 15 41 2 46 23 8 36 10 39 12 14 35 27 1 9 13 38 26 43 49 25 28 22 34 7 17 19 6
23 17 14 9 0 42 13 48 39 15 29 30 1 38 44 8 6 47 28 27 19 21 33 25 3 35 20 26 43 36
0 4 31 33 12 6 39 18 19 32 49 30 9 36 26 25 43 46
19 6 21 40 15 33 23 45 49 47 24 12 18 5 32 10 30 2
22 6 14 2 10 30 47 39 43 32 42 17 23 5 9 8 11 26 12 34
45 10 21 25 49 19 47 43 23 26 4 5 36 22 38 16 44 48 11 39 27 42 7 17
9 27 3 11 37 14 35 32 26 7 45 44 4 22 24 43 1 6 47 42 25 33 39 17 41 38
5 3 43 8 34 14 40 2 22 38 20 42 4 16 33 26 15 24 1 0 29 11 25 28 13 46 19
42 27 34 18 22 32
15 12 20 39 24 31 28 8 46 35 17 22 4 14 33 45 6 47 30 0 27 48 19 32 38 13 34 21 23 9 1 16 29 37 5
48 43 5 0
2 23 24 21 48 18 12 27 3 7 42 37 5 40 15 4 30 46
39 18 31 35 29 1 33
3 16 32 37 17 44 21 23
41 5 44 0 9 4
16 31 30 46 9 41 7 47 4 1 45 24 18
2 47 31 18 13 16 3 36 28 35 21 43 11 20 27 17 42 49 23 33 22 4 1 38 26 40
18 36 12 44 3 15 46 14 28 16 1
12 46 38 14 24 10 26 39 45 28 27 37 18 25 29 1 49 21 30 19 48 15 36
33 5 19 24 17 9 36 44 34 38 43 20 29 41 48 6 11 46
7 17 39 43 27 29 20 2
19 6 24 32 23 49 5 25 26 27 31 14 7 3 1 43 29 48 37 4 46 13
33 30 11 36 20 8 37 39 24 31 41 7
10 39 41 35 7 38 47 32 40 23 27 20 13 9 49 21 16 24 22 11 44 46 15 42 26 3
24 30 39 21 47 9 43 0 25 8
13 33 9 48 49 41 46 5 35 29 27 1 15 21 38 3 43 14 34 7 23 19 12 31 22 39 4 45 6 25
11 35 15 12 0 4 8 48 29 49 32 39 28 18 24 44 34 42 5 1 43 33 2 6 27 31 37 3 36 40 47 46 21 45 13 19 23
13 6 32 30 33 12 47 24 2 44 22 46 21 49 38 36 41 11 8 23 43 15 34 48 31 4 10
6 42 34 14 36 35 16 26 20 49 21 46 43 9 17 2 30 0 39 18 5 13 22 40 15 4
14 25 19 36 17 46 38 30 12 6 47 5
6 15 32 24 47 34 25 5 4 16 0 42 27 21 44 43
29 4 25 33 10 32 43 40 17 21 36 24 48 26 18 3 27 35 14 19 20 15 22 47 9 0 45 16 28 42 30 39
22 27 45 30 24 37 34 23 48 14 7 20 0 41 17 5 39 19 36 18 38 8 44 29 10 25 26 40 3 4 1 42 6 35
2 34 26 4 5 8 27 37 45 30 31 9 32 21 25 22 16 23 39 7 17 19 10 0 13 28 3 12 49
30 37 11 33 26 14 5 2 45 40 7 42 27 3 39 1 4 46
36 14 26 29 45 25 47
29 33 30 32 10 38 46 26 39 9 13 16 3 27 5 8
48 4 12 45 17 1 14 11 27 0 5 47 43 34 31 35 44
33 25 49 32 1 16 10 40 4 14 30 9 37 28 36 27 8 47 2 6 31 15 3 29 17 7 23
37 27 10 6
31 12 37 6 17 47 41 2 13 34 27 30 33 20
0 7 30 32 10 2 26 22 4
46 40 25 10 45 37
28 1 7 21 14 24 5 12 11 32 39 30 17 9 15 34 4 25 31 44 29 10 48 37 27 42 0 6 26 23 33 46 36 49 8 47
20 3
31 0 27 4 43 49 41 40 25 12 33 36 2 7 5 29 32 10 48 15 9 11 45 17 30
34 46 5 39 48 32 20 44 1 42 47 16 10 29 24 14 8 28 38 22 7 3 0 31 49 45 17 27 11 12 6 37 18
18 9 4 25 0 23 26 11 27 8 32 6 10 33 44 29 41 3 46 40 12 35
18 7 8 47 4 41 46 12 24 10 19 21 28 25 22 31 3 42 39 32 44 33 0
0 23 31 37 44 2 20 30 45 26 6 17
41 4 30 46 36
41 26 45 0 39 47 28 30 37 49 36 13 27 9 24 12 42 8 19 34 4 43 10 33 25 21 15 20
39 14 38 19 37 25 34 47 33 35 32 2 45 8 48 24 30 18 20 26 22 23 0 43 42 29 21 28 31
4
42 2 17 29 7 26 28 22 10 46 48 44 24 16 37 19 5 49 43 33 0 1 14 36 32 12 21 20 13 27
40 12 20 13 8 23 16 2 49 48 1 21 31 15 43 41 28 3 42 14 9 47 37 32 46 11 5 44 0 38 7 36 24 26
41 15 22 31 27 38 18 36 26 33 49 30 5 40 1 47 39 7 8 4 24 46 48 35 13 19 9
20 9 24 16 10 0 23 34 47 36 22 8 48 40 13 27 11
47 41 20 34 31 10 7 40 38 33 0 42 12 43 21 45 46 8 4 27 17
31 21 13 42 28 4 44 3 36 33 22 11 49 25 26 1 16
46 18 42 28 7 24 9 41 19 30 22 29 12 34 2
18 40 23 6 14 22 28 8 11 34 46 1
14 49 5 31 23 35 25 26 45 16 43 38 8 46 20 40 37 9
25 47 35 41
35 14 24 27 42 18 0 37 23 7 48 11 40 22 15 46 17 36 12 28 34
3 22 27 42 33 28 31 25 23 29 26 15 8 18 9 46 14 35 4 37 43 24 30 19 0 32 7 39 49 10 11 34
33 8 26 44 41 29 32 25 7 35
12 34 43 16 3
10 19 25 44 21 4 47 42 34 29 17 13 28 16 46 11 38 39 9 1 31 20 14 45 33 30 18 27 23 35 0 37 24 12 7
29 4 7 42 10 22 30 3 20
18 38 33 46 47 23 17 48 14 25 34 5 10 0 20 40 8 35 6 36 30 22
11 28 31 14 22 44 17 37 8 38 3 6 35 23